227.000000 1.198992
272.000000 1.436620
318.000000 1.679515
363.000000 1.917169
408.000000 2.154748
454.000000 2.397759
499.000000 2.635368
545.000000 2.878204
590.000000 3.115704
635.000000 3.353373
681.000000 3.596271
726.000000 3.833826
771.000000 4.071531
817.000000 4.314312
862.000000 4.551907
908.000000 4.794898
953.000000 5.032370
998.000000 5.269946
1044.000000 5.512821
1089.000000 5.750652
1134.000000 5.988388
1180.000000 6.230497
1225.000000 6.468490
1271.000000 6.711481
1316.000000 6.948945
1361.000000 7.186832
1407.000000 7.429386
1452.000000 7.666619
1497.000000 7.904913
1543.000000 8.147984
1588.000000 8.384921
1634.000000 8.627803
1679.000000 8.865093
1724.000000 9.104674
1770.000000 9.345771
1815.000000 9.582109
1861.000000 9.828447
1906.000000 10.064624
1951.000000 10.300922
1997.000000 10.541544
2042.000000 10.774064
2087.000000 11.039685
2133.000000 11.353941
