2.270000000000000018e+00
2.720000000000000195e+00
3.180000000000000160e+00
3.629999999999999893e+00
4.080000000000000071e+00
4.540000000000000036e+00
4.990000000000000213e+00
5.450000000000000178e+00
5.900000000000000355e+00
6.349999999999999645e+00
6.809999999999999609e+00
7.259999999999999787e+00
7.709999999999999964e+00
8.169999999999999929e+00
8.619999999999999218e+00
9.080000000000000071e+00
9.529999999999999361e+00
9.980000000000000426e+00
1.043999999999999950e+01
1.089000000000000057e+01
1.133999999999999986e+01
1.180000000000000071e+01
1.225000000000000000e+01
1.271000000000000085e+01
1.316000000000000014e+01
1.360999999999999943e+01
1.407000000000000028e+01
1.451999999999999957e+01
1.497000000000000064e+01
1.542999999999999972e+01
1.588000000000000078e+01
1.633999999999999986e+01
1.678999999999999915e+01
1.723999999999999844e+01
1.769999999999999929e+01
1.814999999999999858e+01
1.860999999999999943e+01
1.905999999999999872e+01
1.951000000000000156e+01
1.996999999999999886e+01
2.042000000000000171e+01
2.087000000000000099e+01
2.132999999999999829e+01
